//(시작프레임, 마지막프레임+1, 지연시간, 이미파일번호
//	(Magic:81, MagicEX:137, MagicEX2:91, MonMagicEX:138, MonMagicEx2:140, MonMagicEx3:143, MonMagicEX4:148, MagicEx2:149, MagicEx3:157, MonMagicEx5:158), 
//마법번호, 작은광원크기, 큰광원크기, 작은광원R, 광원G, 광원B, 큰광원R, 광원G, 광원B, 마법색R, 색G, 색B, 
//Blend종류, Opacity, 방향정의, 반복여부, 고정여부, 광원보기여부, 목표물사용여부)
//뒤에 다섯개의 변수는 Magic Effect에만 쓰인다.

//#define _BLEND_NORMAL				0			// 일반적인그리기.(알파값이 적용될수있다.)
//#define _BLEND_LIGHT				1			// 섬광효과형태의 블렌딩.
//#define _BLEND_LIGHTINV			2	
//#define _BLEND_INVNORMAL			3
//#define _BLEND_INVLIGHT			4
//#define _BLEND_INVLIGHTINV		5





//------------------------------------------------------------------------------------------------------------------------------------------------------------
// Spell Effect ( 검기포함 ).
//------------------------------------------------------------------------------------------------------------------------------------------------------------

#SPELL 148
{
[ 230,  236, 100, 81,  25,  3,  4, 100, 100, 100, 100, 100, 170,  50, 100, 255, 1,   1,   0, 0, 0, 0, 0, 0]	// 1. 반월공격 12시.
//  60,   70, 100, 81,   6,  3,  4, 100, 100, 100, 100, 160, 100, 255, 255, 255, 2,   1,   0, 0, 0, 0, 0, 0	// 2. 암연술 시전.
[ 790,  800, 100, 157,   6,  3,  4, 100, 100, 100, 100, 160, 100, 255, 255, 255, 2,   1,   0, 0, 0, 0, 0, 0]	// 2. 암연술 시전.
[  90,   98, 100, 81,   8,  3,  4, 100, 100, 100, 100, 140, 180, 255, 255, 255, 2,   1,   0, 0, 0, 0, 0, 0]	// 3. 화염풍.
// 1820, 1828, 100, 81,   9,  3,  4, 100, 100, 100, 100, 140, 180, 255, 255, 255, 2,   1,   0, 0, 0, 0, 0, 0]	// 4. 염사장 시전.
[2410,  2419, 100,149,  9,  3,  4, 100, 100, 100, 170, 100, 100, 255, 255, 255, 2,   1,   0, 0, 0, 0, 0, 0]	//4. 염사장 시전.
//   0,    9, 100, 81,  20,  3,  4, 100, 100, 100, 170, 100, 100, 255, 255, 255, 2,   1,   0, 0, 0, 0, 0, 0	// 5. 뢰혼격시전.
[ 480,  488, 100,157,  20,  3,  4, 100, 100, 100, 170, 100, 100, 255, 255, 255, 2,   1,   0, 0, 0, 0, 0, 0]	// 5. 뢰혼격시전.
[2360, 2370, 100, 81,  21,  3,  4, 100, 100, 100, 170, 100, 100, 255, 255, 255, 2,   1,   0, 0, 0, 0, 0, 0]	// 6. 아공행법.
[ 130,  140, 100, 81,  32,  3,  4, 100, 100, 100, 170, 100, 100, 255, 255, 255, 2,   1,   0, 0, 0, 0, 0, 0]	// 7. 사자윤회시전.
[1820, 1828, 100, 81,   1,  3,  4, 100, 100, 100, 100, 140, 180, 255, 255, 255, 2,   1,   0, 0, 0, 0, 0, 0]	// 8. 화염장.
// 660,  670, 100, 81,   2,  3,  4, 100, 100, 100, 140, 100, 120, 255, 255, 255, 2,   1,   0, 0, 0, 0, 0, 0	// 9. 회복술.
[ 740,  749, 100, 157,   2,  3,  4, 100, 100, 100, 140, 100, 120, 255, 255, 255, 2,   1,   0, 0, 0, 0, 0, 0]	// 9. 회복술.
[ 630,  640, 100, 81,  16,  3,  4, 100, 100, 100, 170, 100, 100, 255, 255, 255, 2,   1,   0, 0, 0, 0, 0, 0]	//10. 결계.
[ 660 , 670, 100, 81,  29,  3,  4, 100, 100, 100, 140, 100, 120, 255, 255, 255, 2,   1,   0, 0, 0, 0, 0, 0]	//11. 대회복.
[1430, 1442, 100, 81,  24,  3,  4, 100, 100, 100, 170, 100, 100, 255, 255, 255, 2,   1,   0, 0, 0, 0, 0, 0]	//12. 뢰설화시전(강격이미지사용).
// 690, 701, 100, 81,  24,  3,  4, 150, 100,  50, 150, 100,  50, 255, 255, 255, 2,   1,   0, 0, 0, 0, 0, 0	//12. 뢰설화.	
// 1970, 1978,  80, 81,  10,  3,  4, 100, 100, 100, 170, 100, 100, 255, 255, 255, 2,   1,   0, 0, 0, 0, 0, 0	//13. 뢰인장.
[ 260,  269,  80, 157,  10,  3,  4, 100, 100, 100, 170, 100, 100, 255, 255, 255, 2,   1,   0, 0, 0, 0, 0, 0]	//13. 뢰인장.
[ 740,  750, 100, 81,  17,  3,  4, 100, 100, 100, 120, 100, 120, 255, 255, 255, 2,   1,   0, 0, 0, 0, 0, 0]	//14. 백골소환술.
// 770,  780, 100, 81,  33,  3,  4, 100, 100, 100, 170, 100, 100, 255, 255, 255, 2,   1,   0, 0, 0, 0, 0, 0	//15. 빙설풍.
[ 690,   700, 100,157,  33,  3,  4, 100, 100, 100, 170, 100, 100, 255, 255, 255, 2,   1,   0, 0, 0, 0, 0, 0]	//15. 빙설풍.
// 870,  890, 100, 81,  28,  3,  4, 100, 100, 100, 100, 100, 170, 255, 255, 255, 2,   1,   0, 0, 0, 0, 0, 0]	//16. 탐기파연.
// 910,  920, 100, 81,  22,  3,  4, 100, 100, 100, 100, 140, 180, 255, 255, 255, 2,   1,   0, 0, 0, 0, 0, 0//	//17. 지염술.
[ 590,  599, 100,157,  22,  3,  4, 100, 100, 100, 100, 140, 180, 255, 255, 255, 2,   1,   0, 0, 0, 0, 0, 0]	//17. 지염술.
[ 940,  950, 100, 81,  23,  3,  4, 100, 100, 100, 100, 140, 180, 255, 255, 255, 2,   1,   0, 0, 0, 0, 0, 0]	//18. 폭열파.
//  650,  657, 100,157,  23,  3,  4, 100, 100, 100, 100, 140, 180, 255, 255, 255, 2,   1,   0, 0, 0, 0, 0, 0]	//18. 폭열파.
[1560, 1569, 100, 81,   5,  3,  4, 100, 100, 100, 100, 140, 180, 255, 255, 255, 2,   1,   0, 0, 0, 0, 0, 0]	//19. 금강화염장.
// 320,  326, 100, 81,  12,  3,  4, 100, 100, 100, 100, 100, 170,  50, 100, 255, 1,   1,   0, 0, 0, 0, 0, 0	//20. 어검술.
[   0,    6, 100, 157,  12,  3,  4, 100, 100, 100, 100, 100, 170, 255, 255, 255, 1,   1,   0, 0, 0, 0, 0, 0]	//20. 어검술.
[1350, 1356, 100,  81,   7,  3,  4, 100, 100, 100, 100, 100, 170,  50, 100, 255, 1,   1,   0, 0, 0, 0, 0, 0]	//21. 예도검법.
//1470, 1476, 100, 81,  26,  3,  4, 100, 100, 100, 100, 140, 180, 255, 255, 255, 1,   1,   0, 0, 0, 0, 0, 0	//22. 염화결.
[ 970,  976, 100, 157,  26,  3,  4, 100, 100, 100, 100, 140, 180, 255, 255, 255, 1,   1,   0, 0, 0, 0, 0, 0]	//22. 염화결.
[1430, 1442, 100, 81,  11,  3,  4, 100, 100, 100, 170, 100, 100, 255, 255, 255, 2,   1,   0, 0, 0, 0, 0, 0]	//23. 강격.
// 810,  820, 100, 81,  18,  3,  4, 150, 150, 150, 200, 150, 180, 255, 255, 255, 2,   1,   0, 0, 0, 0, 0, 0	//24. 은신.
[1300, 1310, 100,149,  18,  3,  4, 150, 150, 150, 200, 150, 180, 255, 255, 255, 2,   1,   0, 0, 0, 0, 0, 0]	//24. 은신.
[2080, 2086, 100, 81,  14,  3,  4, 150, 100,  50, 200, 150, 100, 255, 255, 255, 2,   1,   0, 0, 0, 0, 0, 0]	//25. 항마진법.
[2080, 2086, 100, 81,  15,  3,  4, 150, 180, 200, 180, 200, 220, 255, 255, 255, 2,   1,   0, 0, 0, 0, 0, 0]	//26. 대지원호.
[2080, 2086, 100, 81,  13,  3,  4, 100, 150, 200, 150, 200, 250, 255, 255, 255, 2,   1,   0, 0, 0, 0, 0, 0]	//27. 폭살계.
[2080, 2086, 100, 81,  19,  3,  4, 150, 150, 150, 200, 150, 180, 255, 255, 255, 2,   1,   0, 0, 0, 0, 0, 0]	//28. 대은신.
[2180, 2190, 100, 81,  35,  3,  4, 150, 150, 150, 200, 150, 180,  50, 100, 255, 1,   1,   0, 0, 0, 0, 0, 0]	//29. 맹룡승천세.
// 1780, 1790, 100,137,  34,  3,  4, 150, 150, 150, 200, 150, 180, 140, 140, 140, 1,   1,   0, 0, 0, 0, 0, 0	//30. 랜덤스윙(연월참).
[  100,  110, 100,157,  34,  3,  4, 150, 150, 150, 200, 150, 180, 255, 255, 255, 1,   1,   0, 0, 0, 0, 0, 0]	//30. 랜덤스윙(연월참).
//2080, 2086, 100, 81,  30,  3,  4, 150, 150, 150, 200, 150, 180, 255, 255, 255, 0, 255,   0, 0, 0, 0, 0, 0	//31. 신수소환.
[1260, 1266, 100,149,  30,  3,  4, 150, 150, 150, 200, 150, 180, 255, 255, 255, 2, 255,   0, 0, 0, 0, 0, 0]	//31. 신수소환.
[1680, 1686, 100,129, 530,  3,  4, 150, 150, 150, 200, 150, 180, 255, 255, 255, 0, 255,   0, 0, 0, 0, 0, 0]	//32. 누마왕 검기.
// 830,  849, 100, 81,  31,  3,  4, 100, 100, 100, 170, 100, 100, 255, 255, 255, 2,   1,   0, 0, 0, 0, 0, 0]	//33. 주술의막.
[ 540,  550, 100,157,  31,  3,  4, 100, 100, 100, 170, 100, 100, 255, 255, 255, 2,   1,   0, 0, 0, 0, 0, 0]	//33. 주술의막.
[1800, 1810, 100,129, 532,  3,  4, 150, 100,  50, 200, 150, 100, 255, 255, 255, 2,   1,   0, 0, 0, 0, 0, 0]	//34. 신기선보스공격.
[2620, 2626, 100, 81,  39,  3,  4, 100, 100, 100, 170, 100, 100, 255, 255, 255, 2,   1,   0, 0, 0, 0, 0, 0]	//35. 빙월장.
[2880, 2886, 100, 81,  40,  3,  4, 100, 100, 100, 170, 100, 100, 255, 255, 255, 2,   1,   0, 0, 0, 0, 0, 0]	//36. 빙월진천장.
[2990, 2996, 100, 81,  41,  3,  4, 100, 100, 100, 170, 100, 100, 255, 255, 255, 2,   1,   0, 0, 0, 0, 0, 0]	//37. 비격장.
[3250, 3256, 100, 81,  37,  3,  4,  50, 120, 50,  100, 150, 100, 255, 255, 255, 2,   1,   0, 0, 0, 0, 0, 0]	//38. 월영옥.
//3360, 3366, 100, 81,  38,  3,  4, 100, 100, 100, 100, 170, 100, 255, 255, 255, 2,   1,   0, 0, 0, 0, 0, 0 //39. 월영파. 
[ 840,  847, 100, 157,  38,  3,  4, 100, 100, 100, 100, 170, 100, 255, 255, 255, 2,   1,   0, 0, 0, 0, 0, 0]	//39. 월영파. 
// 신무공.
[   0,   10, 150,137,  53,  3,  4, 100,  70,  70, 200, 100, 100, 255, 255, 255,0,  255,   0, 0, 0, 0, 0, 0] //41. 빙사장.
[2080, 2086, 100, 81,  94,  3,  4,  70, 140, 140, 100, 220, 220, 255, 255, 255, 2,   1,   0, 0, 0, 0, 0, 0]	//42. 공격력업.
[ 170,  174, 100,137,  78,  3,  4, 150, 180, 200, 180, 200, 220, 255, 255, 255, 2,   1,   0, 0, 0, 0, 0, 0]	//43. 둔갑술.
[2080, 2086, 100, 81,  90,  3,  4, 100, 130, 160, 150, 180, 220, 255, 255, 255, 2,   1,   0, 0, 0, 0, 0, 0]	//44. 강마진법(화).
[2080, 2086, 100, 81,  91,  3,  4, 200, 150, 100, 250, 200, 150, 255, 255, 255, 2,   1,   0, 0, 0, 0, 0, 0]	//45. 강마진법(빙).
[2080, 2086, 100, 81,  92,  3,  4, 200, 100, 100, 255, 150, 150, 255, 255, 255, 2,   1,   0, 0, 0, 0, 0, 0]	//46. 강마진법(뢰).
[2080, 2086, 100, 81,  93,  3,  4, 140,  70, 140, 200, 100, 200, 255, 255, 255, 2,   1,   0, 0, 0, 0, 0, 0]	//47. 강마진법(풍).
// 310,  320, 100,137,  77,  3,  4, 150, 150,  20, 225, 225,  70, 255, 255, 255, 2,   1,   0, 0, 0, 0, 0, 0	//48. 소생술.
[1110, 1120, 100,157,  77,  3,  4, 150, 150,  20, 225, 225,  70, 255, 255, 255, 2,   1,   0, 0, 0, 0, 0, 0]	//48. 소생술.
[ 350,  357, 100,137,  67,  3,  4, 100, 100, 100, 170, 100, 100, 255, 255, 255, 2,   1,   0, 0, 0, 0, 0, 0]	//49. 장풍.
[2080, 2086, 100, 81,  85,  3,  4, 100, 130, 160, 150, 180, 220, 255, 255, 255, 2,   1,   0, 0, 0, 0, 0, 0]	//50. 항마진법(화).
[2080, 2086, 100, 81,  86,  3,  4, 200, 150, 100, 250, 200, 150, 255, 255, 255, 2,   1,   0, 0, 0, 0, 0, 0]	//51. 항마진법(빙).
[2080, 2086, 100, 81,  87,  3,  4, 200, 100, 100, 255, 150, 150, 255, 255, 255, 2,   1,   0, 0, 0, 0, 0, 0]	//52. 항마진법(뢰).
[2080, 2086, 100, 81,  88,  3,  4,  30, 160, 150,  70, 255, 220, 255, 255, 255, 2,   1,   0, 0, 0, 0, 0, 0]	//53. 항마진법(풍).
// 반야도 몬스터.
[   0,    6, 100,138, 546,  3,  4, 100, 150, 200, 150, 200, 250, 255, 255, 255, 2,   1,   0, 0, 0, 0, 0, 0]	//54. 광명우사(공격)6프레임.
[  90,  100, 100,138, 547,  3,  4, 100, 150, 200, 150, 200, 250, 255, 255, 255, 2,   1,   0, 0, 0, 0, 0, 0]	//55. 광명우사(죽기)10프레임.
[ 110,  116, 100,138, 548,  3,  4, 100, 150, 200, 150, 200, 250, 255, 255, 255, 2,   1,   0, 0, 0, 0, 0, 0]	//56. 광명좌사(공격)6프레임.
[ 200,  210, 100,138, 549,  3,  4, 100, 150, 200, 150, 200, 250, 255, 255, 255, 2,   1,   0, 0, 0, 0, 0, 0]	//57. 광명좌사(죽기)10프레임.
[ 220,  225, 100,138, 550,  3,  4, 100, 150, 200, 150, 200, 250, 255, 255, 255, 2,   1,   0, 0, 0, 0, 0, 0]	//58. 광명좌사(마법공격)6프레임.
[ 490,  500, 100,138, 553,  3,  4, 100, 150, 200, 150, 200, 250, 255, 255, 255, 2,   1,   0, 0, 0, 0, 0, 0]	//59. 외팔이좀비(죽기)10프레임.
[ 510,  516, 100,138, 554,  3,  4, 100, 150, 200, 150, 200, 250, 255, 255, 255, 2,   1,   0, 0, 0, 0, 0, 0]	//60. 우면본왕(검기공격)6프레임.
[ 630,  638, 100,138, 556,  3,  4, 100, 150, 200, 150, 200, 250, 255, 255, 255, 2,   1,   0, 0, 0, 0, 0, 0]	//61. 창해골 칼해골 활해골(죽기)8프레임.
[ 650,  660, 100,138, 557,  3,  4, 100, 150, 200, 150, 200, 250, 255, 255, 255, 2,   1,   0, 0, 0, 0, 0, 0]	//62. 해골장수(죽기)10프레임.
[ 740,  746, 100,138, 558,  3,  4, 100, 150, 200, 150, 200, 250, 255, 255, 255, 2,   1,   0, 0, 0, 0, 0, 0]	//63. 해골진왕(마법-파이어볼)10프레임.<------안쓰인다. 잘못대입된정보.
[ 910,  914, 100,138, 559,  0,  0, 100, 150, 200, 150, 200, 250, 255, 255, 255, 2,   1,   0, 0, 0, 0, 0, 0]	//64. 해골진왕.
[ 990,  996, 100,138, 560,  0,  0, 100, 150, 200, 150, 200, 250, 255, 255, 255, 2,   1,   0, 0, 0, 0, 0, 0]	//65. 해골진왕.
[1070, 1076, 100,138, 561,  0,  0, 100, 150, 200, 150, 200, 250, 255, 255, 255, 2,   1,   0, 0, 0, 0, 0, 0]	//66. 해골진왕.
[1150, 1152, 100,138, 562,  0,  0, 100, 150, 200, 150, 200, 250, 255, 255, 255, 2,   1,   0, 0, 0, 0, 0, 0]	//67. 해골진왕.
[1630, 1650, 100,138, 563,  0,  0, 100, 150, 200, 150, 200, 250, 255, 255, 255, 2,   1,   0, 0, 0, 0, 0, 0]	//68. 해골진왕.
[1310, 1316, 100,138, 564,  0,  0, 100, 150, 200, 150, 200, 250, 255, 255, 255, 2,   1,   0, 0, 0, 0, 0, 0]	//69. 해골진왕.
[1390, 1396, 100,138, 565,  0,  0, 100, 150, 200, 150, 200, 250, 255, 255, 255, 2,   1,   0, 0, 0, 0, 0, 0]	//70. 해골진왕.
[1470, 1476, 100,138, 566,  0,  0, 100, 150, 200, 150, 200, 250, 255, 255, 255, 2,   1,   0, 0, 0, 0, 0, 0]	//71. 해골진왕.
// 신무공 2차.
[2080, 2086, 100, 81,  95,  3,  4, 100, 130, 160, 150, 180, 220, 255, 255, 255, 2,   1,   0, 0, 0, 0, 0, 0]	//72. 맹호강세(화)
[2080, 2086, 100, 81,  96,  3,  4, 200, 150, 100, 250, 200, 150, 255, 255, 255, 2,   1,   0, 0, 0, 0, 0, 0]	//73. 맹호강세(빙)
[2080, 2086, 100, 81,  97,  3,  4, 200, 100, 100, 255, 150, 150, 255, 255, 255, 2,   1,   0, 0, 0, 0, 0, 0]	//74. 맹호강세(뢰)
[2080, 2086, 100, 81,  98,  3,  4,  30, 160, 150,  70, 255, 220, 255, 255, 255, 2,   1,   0, 0, 0, 0, 0, 0]	//75. 맹호강세(풍)
[2080, 2086, 100, 81,  99,  3,  4, 100, 100, 100, 180, 180, 180, 255, 255, 255, 2,   1,   0, 0, 0, 0, 0, 0]	//76. 맹호강세(빙)
[2080, 2086, 100, 81, 100,  3,  4, 160,  80, 145, 220, 110, 180, 255, 255, 255, 2,   1,   0, 0, 0, 0, 0, 0]	//77. 맹호강세(뢰)
[2080, 2086, 100, 81, 101,  3,  4,  80, 150, 140, 130, 220, 200, 255, 255, 255, 2,   1,   0, 0, 0, 0, 0, 0]	//78. 맹호강세(풍)
[ 760,  770, 100,137,  48,  3,  4, 100, 100, 100, 200, 200, 200, 255, 255, 255, 2,   1,   0, 0, 0, 0, 0, 0]	//79. 대지소환술.
[1030, 1040, 100,137,  72,  3,  4, 155, 212, 202, 170, 230, 215, 255, 255, 255, 2,   2,   0, 0, 0, 0, 0, 0]	//82. 용선풍.
[ 940,  950, 100, 91,  47,  3,  4, 100, 100, 100, 100, 140, 180, 255, 255, 255, 2,   1,   0, 0, 0, 0, 0, 0]	//83. 폭열파 업버젼.
[ 980,  988, 100,137,  46,  3,  4, 150, 100,  50, 150, 100,  50, 255, 255, 255, 2,   1,   0, 0, 0, 0, 0, 0]	//84. 뢰설화 업버젼.
// 지역아공행법
[2360, 2370,  50, 81, 104,  3,  4, 100, 100, 100, 170, 100, 100, 255, 255, 255, 2,   1,   0, 0, 0, 0, 0, 0]	//85. 지역아공행법.
// 진백골소환술
[ 740,  750, 100, 81, 105,  3,  4, 100, 100, 100, 120, 100, 120, 255, 255, 255, 2,   1,   0, 0, 0, 0, 0, 0]	//86. 진백골소환술.
// 속성검기1(8색)
[1090, 1096, 100,137, 408,  3,  4, 100, 100, 100, 100, 100, 170, 240, 180, 100, 2,   1,   0, 0, 0, 0, 0, 0]	//87. 검기1(화).
[1090, 1096, 100,137, 409,  3,  4, 100, 100, 100, 100, 100, 170, 100, 140, 190, 2,   1,   0, 0, 0, 0, 0, 0]	//88. 검기1(빙).
[1090, 1096, 100,137, 410,  3,  4, 100, 100, 100, 100, 100, 170, 100, 180, 220, 2,   1,   0, 0, 0, 0, 0, 0]	//89. 검기1(뢰).
[1090, 1096, 100,137, 411,  3,  4, 100, 100, 100, 100, 100, 170, 140, 200, 150, 2,   1,   0, 0, 0, 0, 0, 0]	//90. 검기1(풍).
[1090, 1096, 100,137, 412,  3,  4, 100, 100, 100, 100, 100, 170, 200, 200, 200, 2,   1,   0, 0, 0, 0, 0, 0]	//91. 검기1(신성).
[1090, 1096, 100,137, 413,  3,  4, 100, 100, 100, 100, 100, 170, 160, 100, 180, 2,   1,   0, 0, 0, 0, 0, 0]	//92. 검기1(암흑).
[1090, 1096, 100,137, 414,  3,  4, 100, 100, 100, 100, 100, 170, 200, 220, 130, 2,   1,   0, 0, 0, 0, 0, 0]	//93. 검기1(환영).
[1090, 1096, 100,137, 415,  3,  4, 100, 100, 100, 100, 100, 170, 255, 255, 255, 2,   1,   0, 0, 0, 0, 0, 0]	//94. 검기1(무).
// 집중화염장.
[1820, 1828, 100, 81, 150,  3,  4, 100, 100, 100, 100, 140, 180, 255, 255, 255, 2,   1,   0, 0, 0, 0, 0, 0]	//95.집중화염장.
// 왕급, 벼룩등 몬스터.(11월25일)
[1800, 1806, 100,138, 570,  3,  4, 150, 150, 150, 200, 150, 180, 255, 255, 255, 1,   1,   0, 0, 0, 0, 0, 0]	//96. 돈왕 검기.
// 강마진법(일반)
[2080, 2086, 100, 81,  89,  3,  4, 150, 150, 150, 200, 200, 200, 255, 255, 255, 2,   1,   0, 0, 0, 0, 0, 0]	//99. 강마진법.
[1970, 1980, 100,137,  73,  3,  4,  14, 226, 170,  11, 140, 106, 255, 255, 255, 2,   2,   0, 0, 0, 0, 0, 0]	//100. 풍진참
[1970, 1980, 100,137,  74,  3,  4,  14, 226, 170,  11, 140, 106, 255, 255, 255, 2,   2,   0, 0, 0, 0, 0, 0]	//101. 격풍
// 앙코르와트지역.
[ 520,  530, 100,140, 583,  3,  4,  14, 226, 170,  11, 140, 106, 255, 255, 255, 2,   2,   0, 0, 0, 0, 0, 0]	//102. 석화돌사자죽기.
[ 540,  550, 100,140, 582,  3,  4, 150, 150, 150, 200, 200, 200, 255, 255, 255, 2,   1,   0, 0, 0, 0, 0, 0]	//103. 화염돌사자죽기.
// 650,  652, 100,140, 585,  3,  4,  14, 226, 170,  11, 140, 106, 255, 255, 255, 2,   2,   0, 0, 0, 0, 0, 0]	//104. 무력신장맞기.
[ 740,  750, 100,140, 586,  3,  4,  14, 226, 170,  11, 140, 106, 255, 255, 255, 2,   2,   0, 0, 0, 0, 0, 0]	//105. 무력신장죽기.
[ 760,  769, 100,140, 587,  3,  4,  14, 226, 170,  11, 140, 106, 255, 255, 255, 2,   2,   0, 0, 0, 0, 0, 0]	//106. 진천마신검기공격1.
[ 250,  256, 100,140, 579,  3,  4, 150, 150, 150, 200, 200, 200, 255, 255, 255, 2,   1,   0, 0, 0, 0, 0, 0]	//107. 광신도 독공격.
[ 990,  999, 100,140, 591,  3,  4,  14, 226, 170,  11, 140, 106, 255, 255, 255, 2,   2,   0, 0, 0, 0, 0, 0]	//108. 진천마신검기공격2.
[   0,   10, 150,137, 110,  3,  4, 100,  70,  70, 200, 100, 100, 255, 255, 255,0,  255,   0, 0, 0, 0, 0, 0] //109. 빙렬파
[ 500,  504, 300,148, 598,  2,  3, 100, 100, 100, 100, 100, 100, 255, 255, 255, 2,   1,   0, 0, 0, 0, 0, 0]	//110. 누마사령법사.
[ 580,  586, 150,148, 599,  2,  3, 100, 100, 100, 100, 100, 100, 255, 255, 255, 2,   1,   0, 0, 0, 0, 0, 0]	//111. 누마사령법사.
[ 660,  666, 150,148, 600,  2,  3, 100, 100, 100, 100, 100, 100, 255, 255, 255, 2,   1,   0, 0, 0, 0, 0, 0]	//112. 누마사령법사.
[ 740,  742, 300,148, 601,  2,  3, 100, 100, 100, 100, 100, 100, 255, 255, 255, 2,   1,   0, 0, 0, 0, 0, 0]	//113. 누마사령법사.
[ 900,  906, 150,148, 603,  2,  3, 100, 100, 100, 100, 100, 100, 255, 255, 255, 2,   1,   0, 0, 0, 0, 0, 0]	//114. 누마사령법사.
[1010, 1020, 100,148, 604,  3,  4,  14, 226, 170,  11, 140, 106, 255, 255, 255, 2,   1,   0, 0, 0, 0, 0, 0]	//115. 누마사령법사 죽기.
[1550, 1560, 100,148, 607,  4,  4, 160, 100, 180, 160, 100, 180, 160, 100, 180, 2,   1,   0, 0, 0, 0, 0, 0]	//116. 절대검 이펙트.
[1600, 1608, 100,148, 608,  3,  4, 150, 100,  50, 200, 150, 100, 255, 255, 255, 2,   1,   0, 0, 0, 0, 0, 0]	//117. 타당가 일반 공격
[1700, 1710, 100,148, 609,  3,  4, 150, 100,  50, 200, 150, 100, 255, 255, 255, 2,   1,   0, 0, 0, 0, 0, 0]	//118. 타당가 마법 공격
[1900, 1904, 100,148, 611,  3,  4, 150, 100,  50, 200, 150, 100, 255, 255, 255, 2,   1,   0, 0, 0, 0, 0, 0]	//119. 타당가 마법 공격
[ 280,  288, 100,149, 122,  3,  4, 100, 100, 100, 170, 100, 100, 200, 200,  10, 2,   1,   0, 0, 0, 0, 0, 0]	//120. 선천기공.
[ 360,  370, 100,149, 123,  3,  4, 100, 100, 100, 170, 100, 100, 255, 255, 255, 2,   1,   0, 0, 0, 0, 0, 0]	//121. 전이술.
[ 430,  437, 100,149, 121,  3,  4, 150, 150, 150, 200, 150, 180, 255, 255, 255, 2,   1,   0, 0, 0, 0, 0, 0]	//122. 기환술.
[1430, 1442, 100, 81, 111,  3,  4, 100, 100, 100, 170, 100, 100, 255, 255, 255, 2,   1,   0, 0, 0, 0, 0, 0]	//123. 뢰화난무.
// 220,  230, 100,149, 120,  3,  4, 190, 220, 190, 190, 240, 190, 255, 255, 255, 2,   1,   0, 0, 0, 0, 0, 0	//124. 정화술.
[1070, 1080, 100,157, 120,  3,  4, 190, 220, 190, 190, 240, 190, 255, 255, 255, 2,   1,   0, 0, 0, 0, 0, 0]	//124. 정화술.
//  80,   90, 100,149, 112,  3,  4, 100, 150, 200, 150, 200, 250, 240, 180, 100, 2,   1,   0, 0, 0, 0, 0, 0	//125. 역혈마공.
[2060, 2070, 100,149, 112,  3,  4, 100, 150, 200, 150, 200, 250, 255, 255, 255, 2,   1,   0, 0, 0, 0, 0, 0]	//163. 역혈마공.
// 520,  526, 100,149, 103,  3,  4, 100, 100, 100, 100, 100, 170,  50, 100, 255, 1,   1,   0, 0, 0, 0, 0, 0	//126. 회선참.
[ 220,  226, 100,157, 103,  3,  4, 100, 100, 100, 100, 100, 170, 255, 255, 255, 1,   1,   0, 0, 0, 0, 0, 0]	//126. 회선참.
[   0,   10,  50,149, 107,  3,  4, 100, 100, 100, 100, 100, 100, 255, 255, 255, 2    1,   0, 0, 0, 0, 0, 0]	//127. 전위보
[1560, 1569, 100, 81, 113,  3,  4, 100, 100, 100, 100, 140, 180, 255, 255, 255, 2,   1,   0, 0, 0, 0, 0, 0]	//128. 만천화우
[ 580,  590, 100,149, 108,  1,  1, 100, 100, 100, 100, 100, 100, 255, 255, 255, 2,   1,   0, 0, 0, 0, 0, 0]	//129. 격공섭물.
[ 680,  690, 100,149, 612,  3,  4, 100, 150, 200, 150, 200, 250, 108, 86, 62, 2,   1,   0, 0, 0, 0, 0, 0]	//130. 훈련소죽기.
[ 700,  710, 100,149, 613,  3,  4, 100, 150, 200, 150, 200, 250, 108, 86, 62, 2,   1,   0, 0, 0, 0, 0, 0]	//131. 수호자죽기.
[ 720,  730, 100,149, 614,  3,  4, 100, 150, 200, 150, 200, 250, 108, 86, 62, 2,   1,   0, 0, 0, 0, 0, 0]	//132. 신전죽기.
[ 910,  920, 100,149, 114,  3,  4, 100, 100, 100, 100, 140, 180, 255, 255, 255, 2,   1,   0, 0, 0, 0, 0, 0]	//133. 회풍강막.
[ 980,  986, 100,149, 124,  3,  4, 100, 150, 200, 150, 200, 250, 255, 255, 255, 2,   1,   0, 0, 0, 0, 0, 0]	//134. 멸살계.
[   0,    9, 100,158, 617,  3,  4,  14, 226, 170,  11, 140, 106, 255, 255, 255, 2,   2,   0, 0, 0, 0, 0, 0]	//135. 지천멸왕검기.
[ 190,  196, 100,158, 618,  3,  4,  14, 226, 170,  11, 140, 106, 255, 255, 255, 2,   2,   0, 0, 0, 0, 0, 0]	//136. 지천멸왕검기2.
[6260, 6266, 100,143, 620,  3,  4,  14, 226, 170,  11, 140, 106, 255, 255, 255, 2,   2,   0, 0, 0, 0, 0, 0]	//137. 지천멸왕검기.
[6220, 6229, 100,143, 627,  3,  4,  14, 226, 170,  11, 140, 106, 255, 255, 255, 2,   2,   0, 0, 0, 0, 0, 0]	//138. 빙백귀녀 시전.
[1260, 1266, 100,149, 127,  3,  4, 100, 100, 100, 100, 140, 180, 255, 255, 255, 2,   1,   0, 0, 0, 0, 0, 0]	//139. 허상분신.
[ 290,  310,  70,158, 633,  3,  4, 150, 100,  50, 200, 150, 100, 255, 255, 255, 2,   1,   0, 0, 0, 0, 0, 0]	//140. 가무녀2마법
[ 460,  471,  70,158, 634,  3,  4, 150, 100,  50, 200, 150, 100, 255, 255, 255, 2,   1,   0, 0, 0, 0, 0, 0]	//141. 새벽여왕 마법
[ 540,  560,  70,158, 636,  3,  4, 150, 100,  50, 200, 150, 100, 255, 255, 255, 2,   1,   0, 0, 0, 0, 0, 0]	//142. 가무녀2마법
[ 570,  580, 100,158, 637,  3,  4, 150, 100,  50, 200, 150, 100, 255, 255, 255, 2,   1,   0, 0, 0, 0, 0, 0]	//143. 가무녀1근처
[ 620,  630, 100,158, 639,  3,  4, 150, 100,  50, 200, 150, 100, 255, 255, 255, 2,   1,   0, 0, 0, 0, 0, 0]	//144. 가무녀1전체자신
[ 650,  656, 120,158, 640,  3,  4, 150, 100,  50, 200, 150, 100, 255, 255, 255, 2,   1,   0, 0, 0, 0, 0, 0]	//144. 호위장수마법
[6730, 6737, 110,148, 641,  3,  4, 150, 100,  50, 200, 150, 100, 255, 255, 255, 2,   1,   0, 0, 0, 0, 0, 0]	//145. 호위장수공격이펙
[ 680,  686, 120,158, 642,  3,  4, 150, 100,  50, 200, 150, 100, 255, 255, 255, 2,   1,   0, 0, 0, 0, 0, 0]	//146. 새벽여왕공격이펙
[ 780,  788, 110,158, 643,  3,  4, 100, 150, 200, 150, 200, 250, 255, 255, 255, 2,   1,   0, 0, 0, 0, 0, 0]	//147. 호위장수 죽기
[ 810,  819, 110,158, 644,  3,  4, 100, 150, 200, 150, 200, 250, 255, 255, 255, 2,   1,   0, 0, 0, 0, 0, 0]	//147. 호위장수 죽기
}
// 신무공 추가 2차.
// -->맹호강세는 색을 프로그램에서 추가한다.
// --맹호강세(화) - (240, 180, 100)
// --맹호강세(빙) - (100, 140, 190)
// --맹호강세(뢰) - (100, 180, 220)
// --맹호강세(풍) - (140, 200, 150)
// --연계방어 - (200, 200, 200)
// --맹호강세 - (160, 100, 180)
// --연계공격 - (200, 220, 130)
// 1  대지소환술.
// 2  무공계열별 타격(화).
// 3  무공계열별 타격(빙).
// 4  무공계열별 타격(뢰).
// 5  무공계열별 타격(풍).
// 6  무공계열별 타격(신성).
// 7  무공계열별 타격(암흑).
// 8  무공계열별 타격(환영).
// 9  무공계열별 타격(무).
// 10 뢰벽.
// 11 뢰설화 업버젼.
// 12 비격트랩.
// 13 용선풍.
// 14 폭열파 업버젼.

// 반야도 추가순서.
// 1  광명우사(공격)6프레임.	
// 2  광명우사(죽기)10프레임.
// 3  광명좌사(공격)6프레임.
// 4  광명좌사(죽기)10프레임.
// 5  광명좌사(마법공격)6프레임.
// 6  구오좀비(푸른색)(마법공격)6프레임.
// 7  외팔이좀비(죽기)10프레임.
// 8  우면본왕(검기공격)10프레임.
// 9  우면본왕(마법)20프레임.
// 10 창해골 칼해골 활해골(죽기)8프레임.
// 11 해골장수(죽기)10프레임.
// 12 해골진왕(마법-파이어볼)10프레임.
// 13 해골진왕(유휴)4프레임.
// 14 해골진왕(걷기)6프레임.
// 15 해골진왕(공격)6프레임.
// 16 해골진왕(맞기)2프레임.
// 17 해골진왕(공격1)6프레임.
// 18 해골진왕(공격2)6프레임.
// 19 해골진왕(공격3)6프레임.
// 20 해골진왕(죽기)18프레임.





//------------------------------------------------------------------------------------------------------------------------------------------------------------
// Magic Effect.    
//------------------------------------------------------------------------------------------------------------------------------------------------------------

#MAGIC 184
{
//  70,   88, 100, 81,   6,  3,  4, 190, 220, 190, 190, 240, 190, 255, 255, 255, 0,   1,   0, 0, 0, 0, 0, 0	// 1. 암연술.
[ 800,  810, 100, 157,   6,  3,  4, 190, 220, 190, 190, 240, 190, 255, 255, 255, 0,   1,   0, 0, 0, 0, 0, 0]	// 1. 암연술.
[1900, 1960,  50, 81,   9,  3,  4,  70,  90, 110,  90, 120, 150, 255, 255, 255, 2,   1,   0, 0, 0, 0, 0, 0]	// 2. 염사장.
//  10,   20,  50, 81,  20,  3,  4, 200, 100, 100, 250, 150, 150, 255, 255, 255, 2,   1,   0, 0, 0, 0, 0, 0	// 3. 뢰혼격.
[ 500,  510,  70,157,  20,  3,  4, 200, 100, 100, 250, 150, 150, 255, 255, 255, 2,   1,   0, 0, 0, 0, 0, 0]	// 3. 뢰혼격.
[ 140,  150, 110, 81,  32,  3,  4, 200, 100, 100, 100,  75,  50, 255, 255, 255, 2,	 1,   0, 0, 0, 0, 0, 0]	// 4. 사자윤회.
[ 420,  425,  20, 81,   1,  2,  3, 100, 150, 200, 150, 200, 250, 255, 255, 255, 2,   1,   0, 0, 0, 0, 0, 0]	// 5. 화염장.
// 610,  620, 100, 81,   2,  3,  4, 200, 140, 170, 230, 170, 200, 255, 255, 255, 2,   1,   0, 0, 0, 0, 0, 0	// 6. 회복술.
[ 750,  760, 100, 157,   2,  3,  4, 200, 140, 170, 230, 170, 200, 255, 255, 255, 2,   1,   0, 0, 0, 0, 0, 0]	// 6. 회복술.
[ 640,  650, 100, 81,  16,  3,  4, 120,  60,  60, 150,  80,  80, 255, 255, 255, 2,   1,   0, 0, 0, 0, 0, 0]	// 7. 결계.
[ 670,  677, 100, 81,  29,  4,  5, 200, 140, 170, 230, 170, 200, 255, 255, 255, 2,   1,   0, 0, 0, 0, 0, 0]	// 8. 대회복.
// 1180, 1184,  60,137,  10, 10, 11, 225,  50,  50, 255, 100, 100, 255, 255, 255, 0,   1,   0, 0, 0, 0, 0, 0	// 9. 뢰인장.
[ 370,  374,  60,157,  10, 10, 11, 225,  50,  50, 255, 100, 100, 255, 255, 255, 0,   1,   0, 0, 0, 0, 0, 0]	// 9. 뢰인장.
[ 750,  760, 155, 81,  17,  3,  4, 150, 150, 150, 200, 150, 180, 255, 255, 255, 2,   1,   0, 0, 0, 0, 0, 0]	//10. 백골소환술.
// 780,  787, 100, 81,  33,  5,  6, 255, 123,   0, 255, 123,   0, 255, 255, 255, 2,   1,   1, 0, 0, 0, 0, 0	//11. 빙설풍.
//  700,  713, 100,157,  33,  5,  6, 255, 123,   0, 255, 123,   0, 255, 255, 255, 2,   1,   1, 0, 0, 0, 0, 0]	//11. 빙설풍.
[ 2500, 2510, 100,149,  33,  5,  6, 255, 123,   0, 255, 123,   0, 255, 255, 255, 2,   1,   1, 0, 0, 0, 0, 0]	//11. 빙설풍.
// 840,  850, 100, 81,  31,  3,  4, 100, 100, 100, 100, 140, 180, 255, 255, 255, 2,   1,   0, 0, 0, 0, 0, 0	//12. 주술의막.
[ 550,  557, 100,157,  31,  3,  4, 100, 100, 100, 100, 140, 180, 255, 255, 255, 2,   1,   0, 0, 0, 0, 0, 0]	//12. 주술의막.
[ 890,  900, 100, 81,  28,  3,  4,  75,  75,  75, 100,  75,  50, 255, 255, 255, 2,   1,   0, 0, 0, 0, 0, 0]	//13. 탐기파연.
// 920,  923, 150, 81,  22,  4,  5,  40,  60,  80,  60,  80, 100, 255, 255, 255, 2,   1,   0, 0, 0, 0, 0, 0	//14. 지염술.
[ 600,  610, 150,157,  22,  4,  5,  40,  60,  80,  60,  80, 100, 255, 255, 255, 1,   1,   0, 0, 0, 0, 0, 0]	//14. 지염술.
[ 980,  983, 100, 81,  13,  2,  3, 100, 150, 200, 150, 200, 250, 255, 255, 255, 0,	 1,   0, 0, 0, 0, 0, 0]	//15. 폭살계.
[ 980,  983, 100, 81,  14,  2,  3, 150, 100,  50, 200, 150, 100, 255, 255, 255, 0, 255,   0, 0, 0, 0, 0, 0]	//16. 항마진법.
[ 980,  983, 100, 81,  15,  2,  3, 150, 180, 200, 180, 200, 220, 255, 255, 255, 0, 255,   0, 0, 0, 0, 0, 0]	//17. 대지원호.
// 950,  970,  50, 81,  23,  5,  6, 100, 150, 200, 150, 200, 250, 255, 255, 255, 2,   1,   0, 0, 0, 0, 0, 0]	//18. 폭열파.
[ 950,  957, 100, 81,  23,  5,  6, 100, 150, 200, 150, 200, 250, 255, 255, 255, 2,   1,   0, 0, 0, 0, 0, 0]	//18. 폭열파
// 660,   672, 100,157,  23,  5,  6, 100, 150, 200, 150, 200, 250, 255, 255, 255, 2,   1,   0, 0, 0, 0, 0, 0]	//18. 폭열파.
//2330, 2341, 100,149,  23,  5,  6, 100, 150, 200, 150, 200, 250,  255, 255, 255, 1,   1,   0, 0, 0, 0, 0, 0]	//18. 폭열파.

[1640, 1646,  10, 81,   5,  2,  3, 100, 150, 200, 150, 200, 250, 255, 255, 255, 2,   1,   0, 0, 0, 0, 0, 0]	//19. 금강화염장.
[1450, 1455, 100, 81,  11, 20, 21, 255, 125,  50, 255, 255, 255, 255, 255, 255, 2,   1,   0, 0, 0, 0, 0, 0]	//20. 강격.
[ 980,  983, 100, 81,  19,  2,  3, 150, 150, 150, 200, 150, 180, 255, 255, 255, 2,   1,   0, 0, 0, 0, 0, 0]	//21. 대은신.
[ 110,  120, 100, 81, 320,  3,  4, 100, 100, 100, 170, 100, 100, 255, 255, 255, 2,   1,   0, 0, 0, 0, 0, 0]	//22. 아공행법.
[   0,    4, 100,129, 500,  2,  3, 100, 100, 100, 150, 150, 150, 255, 255, 255, 2,   1,   0, 0, 0, 0, 0, 0]	//23. 
[1773, 1793, 100,129, 501,  2,  3, 100, 100,  50, 150, 150,  75, 255, 255, 255, 2,   1,   0, 0, 0, 0, 0, 0]	//24. 
[  20,   30, 100,129, 502,  2,  3, 100, 100, 100, 150, 150, 150, 255, 255, 255, 2,   1,   0, 0, 0, 0, 0, 0]	//25. 
[  40,   50, 100,129, 503,  2,  3, 100, 100, 100, 150, 150, 150, 255, 255, 255, 2,   1,   0, 0, 0, 0, 0, 0]	//26. 
[ 100,  110, 100,129, 505,  2,  3, 100, 100, 100, 150, 150, 150, 255, 255, 255, 2,   1,   0, 0, 0, 0, 0, 0]	//27. (치유개미).
[ 200,  208, 100,129, 506,  2,  3, 100, 100, 100, 150, 150, 150, 255, 255, 255, 2,   1,   0, 0, 0, 0, 0, 0]	//28. 
[ 280,  289, 100,129, 511,  2,  3, 100, 100, 100, 150, 150, 150, 255, 255, 255, 2,   1,   0, 0, 0, 0, 0, 0]	//29. 
[  40,   50, 100,129, 512,  2,  3, 100, 100, 100, 150, 150, 150, 255, 255, 255, 2,   1,   0, 0, 0, 0, 0, 0]	//30. 
[ 220,  227, 100,129, 509,  2,  3, 100, 100, 100, 150, 150, 150, 255, 255, 255, 2,   1,   0, 0, 0, 0, 0, 0]	//31. 
[ 240,  246, 100,129, 510,  2,  3, 100, 100, 100, 150, 150, 150, 255, 255, 255, 2,   1,   0, 0, 0, 0, 0, 0]	//32. 
[ 440,  446, 100,129, 513,  2,  3, 100, 100, 100, 150, 150, 150, 255, 255, 255, 2,   1,   0, 0, 0, 0, 0, 0]	//33. 우면귀왕.
[ 600,  606, 100,129, 515,  2,  3, 100, 100, 100, 150, 150, 150, 255, 255, 255, 2,   1,   0, 0, 0, 0, 0, 0]	//34. 좀비.
[ 720,  728, 100,129, 516,  2,  3, 100, 100, 100, 150, 150, 150, 255, 255, 255, 2,   1,   0, 0, 0, 0, 0, 0]	//35. 주마왕.
[1240, 1241, 100,129, 517,  2,  3, 100, 100, 100, 150, 150, 150, 255, 255, 255, 0, 255,   0, 0, 0, 0, 0, 0]	//36. 다크침.
[1400, 1401, 100,129, 518,  2,  3, 100, 100, 100, 150, 150, 150, 255, 255, 255, 0, 255,   0, 0, 0, 0, 0, 0]	//37. 궁수경비화살.
[1070, 1071, 100,129, 519,  2,  3, 100, 100, 100, 150, 150, 150, 255, 255, 255, 0, 255,   0, 0, 0, 0, 0, 0]	//38. 마궁사화살.
[ 800,  806, 100,129, 520,  2,  3, 100, 100, 100, 150, 150, 150, 255, 255, 255, 0, 255,   0, 0, 0, 0, 0, 0]	//39. 쌍도끼해골던지기.
[ 520,  527, 100,129, 521,  2,  3, 100, 100, 100, 150, 150, 150, 255, 255, 255, 2,   1,   0, 0, 0, 0, 0, 0]	//40. 화염우면귀.
[ 360,  370, 100,129, 522,  2,  3, 100, 100, 100, 150, 150, 150, 255, 255, 255, 2,   1,   0, 0, 0, 0, 0, 0]	//41. 촉룡신 공격.
[ 380,  400, 100,129, 523,  2,  3, 100, 100, 100, 150, 150, 150, 255, 255, 255, 2,   1,   0, 0, 0, 0, 0, 0]	//42. 촉룡신에 공격당함.
[ 320,  330,  70,129, 524,  2,  3, 100, 100, 100, 150, 150, 150, 255, 255, 255, 2, 255,   0, 0, 0, 0, 0, 0]	//43. 사어공격.
[ 260,  266, 100,129, 525,  2,  3, 100, 100, 100, 150, 150, 150, 255, 255, 255, 2,   1,   0, 0, 0, 0, 0, 0]	//44. 바오달드죽음.
[ 880,  886, 150,129, 529,  2,  3, 100, 100, 100, 150, 150, 150, 255, 255, 255, 2,  15,   0, 0, 0, 0, 0, 0]	//45. 쐐기나방타액.
[  60,   80, 100,129, 526,  2,  3, 100, 100, 100, 150, 150, 150, 255, 255, 255, 2,   1,   0, 0, 0, 0, 0, 0]	//46. 몬스터죽기. 경갑옷기사. 홍의. 흑의마법사(방향구별은 없다).
[ 680,  689, 100,129, 527,  2,  3, 100, 100, 100, 150, 150, 150, 255, 255, 255, 2,   1,   0, 0, 0, 0, 0, 0]	//47. 허수아비죽기.
[ 700,  708, 100,129, 528,  2,  3, 100, 100, 100, 150, 150, 150, 255, 255, 255, 2,   1,   0, 0, 0, 0, 0, 0]	//48. 좀비죽기.
//2590, 2609, 100, 81,  30,  3,  4, 150, 150, 150, 200, 150, 180, 255, 255, 255, 0, 255,   0, 0, 0, 0, 0, 0	//49. 신수. 
[1280, 1290, 100,149,  30,  3,  4, 150, 150, 150, 200, 150, 180, 255, 255, 255, 2, 255,   0, 0, 0, 0, 0, 0]	//49. 신수. 
[1770, 1790, 100,129, 531,  2,  3, 100, 100,  50, 150, 150,  75, 255, 255, 255, 2    1,   0, 0, 0, 0, 0, 0]	//50. 
[2450, 2460, 150, 81, 330,  2,  3,  20,  30,  40,  50,  60,  70, 255, 255, 255, 2    1,   0, 0, 0, 0, 0, 0]	//51. 불잔상1.
[2460, 2470, 150, 81, 331,  2,  3,  20,  30,  40,  50,  60,  70, 255, 255, 255, 2    1,   0, 0, 0, 0, 0, 0]	//52. 불잔상2.
[2470, 2480, 150, 81, 332,  2,  3,  20,  30,  40,  50,  60,  70, 255, 255, 255, 2    1,   0, 0, 0, 0, 0, 0]	//53. 불잔상3.
[2480, 2490, 150, 81, 333,  2,  3,  20,  30,  40,  50,  60,  70, 255, 255, 255, 2    1,   0, 0, 0, 0, 0, 0]	//54. 불잔상4.
[2490, 2500, 150, 81, 334,  2,  3,  20,  30,  40,  50,  60,  70, 255, 255, 255, 2    1,   0, 0, 0, 0, 0, 0]	//55. 불잔상5.
[1890, 1908,  60,129, 533,  3,  4, 100, 200, 100, 150, 250, 100, 255, 255, 255, 0    1,   0, 0, 0, 0, 0, 0]	//56. 신기선보스죽음.
[2700, 2703,  50, 81,  39,  5,  6, 255, 123,   0, 255, 123,   0, 255, 255, 255, 2    1,   0, 0, 0, 0, 0, 0]	//57. 빙월장.
[2960, 2966,  20, 81,  40,  3,  4, 255, 123,   0, 255, 123,   0, 255, 255, 255, 2    1,   0, 0, 0, 0, 0, 0]	//58. 빙월진천장.
[3070, 3076,  50, 81,  41,  3,  4, 255, 123,   0, 255, 123,   0, 255, 255, 255, 2    1,   0, 0, 0, 0, 0, 0]	//59. 비격장.
[3330, 3336,  50, 81,  37,  3,  4, 100, 255, 100, 150, 255, 150, 255, 255, 255, 2    1,   0, 0, 0, 0, 0, 0]	//60. 월영옥.
//3440, 3446,  20, 81,  38,  3,  4, 100, 255, 100, 255, 123,   0, 255, 255, 255, 2    1,   0, 0, 0, 0, 0, 0	//61. 월영파.
[ 920,  926,  20, 157,  38,  3,  4, 100, 255, 100, 255, 123,   0, 255, 255, 255, 2    1,   0, 0, 0, 0, 0, 0]	//61. 월영파.
[3470, 3473, 100, 81, 335,  2,  3,  50,  50,  50,  70,  70,  70, 255, 255, 255, 2    1,   0, 0, 0, 0, 0, 0]	//62. 광캘때 먼지.
[2410, 2430,  50, 81, 322,  3,  4, 100, 100, 100, 170, 100, 100, 255, 255, 255, 2    1,   0, 0, 0, 0, 0, 0]	//63. _SKILL_SPACEMOVESHOW2
[2390, 2410,  50, 81, 321,  3,  4, 100, 100, 100, 170, 100, 100, 255, 255, 255, 2    1,   0, 0, 0, 0, 0, 0]	//64. _SKILL_SPACEMOVEHIDE2
[1920, 1930, 100,129, 534,  2,  3, 100, 100, 100, 150, 150, 150, 255, 255, 255, 2    1,   0, 0, 0, 0, 0, 0]	//65. 해골류들 죽기.
[1940, 1945, 150,129, 535,  2,  3, 100, 100, 100, 150, 150, 150, 255, 255, 255, 2,  15,   0, 0, 0, 0, 0, 0]	//66. 동굴구더기 가스효과.
[1940, 1945, 150,129, 536,  2,  3, 100, 100, 100, 150, 150, 150, 255, 255, 255, 2,  15,   0, 0, 0, 0, 0, 0]	//67. 둥가스효과.
[1450, 1455, 100, 81, 538, 20, 21, 180, 180,  50, 200, 200, 200, 100, 255, 255, 2,   1,   0, 0, 0, 0, 0, 0]	//68. 몬스터강격.
[ 690,  696, 100, 81, 539,  5,  6, 180, 180,  50, 200, 200, 200, 100, 255, 255, 2,   1,   0, 0, 0, 0, 0, 0]	//69. 몬스터뢰설화.	
[2210, 2217,  80,129, 540,  2,  3,  50, 180,  50, 150, 250, 150, 200, 200, 200, 2,   1,   0, 0, 0, 0, 0, 0]	//70. 폭주거미 터지기.	
[2250, 2270,  50,129, 541,  2,  3,  50, 180,  50, 150, 250, 150, 200, 200, 200, 2,   1,   0, 0, 0, 0, 0, 0]	//71. 비독주 죽기.	
[2230, 2236,  80,129, 542,  2,  3,  50, 180,  50, 150, 250, 150, 200, 200, 200, 0, 255,   0, 0, 0, 0, 0, 0]	//72. 적월마.	
[1570, 1580,  70,129, 543,  2,  3,  50, 180,  50, 150, 250, 150, 255, 255, 255, 2,   1,   0, 0, 0, 0, 0, 0]	//73. 풍백.	
[  80,   86,  80,129, 544,  3,  4, 150, 120,  90, 200, 150, 100, 200, 200, 200, 0, 255,   0, 0, 0, 0, 0, 0] //74. 갑주개미공격발사체.
[ 960,  961, 300,129, 545,  3,  4, 150, 120,  90, 200, 150, 100, 200, 200, 200, 0, 255,   0, 0, 0, 0, 0, 0] //75. 형인수공격발사체.
[ 980,  986,  80,129, 514,  2,  3, 100, 100, 100, 150, 150, 150, 255, 255, 255, 2,   1,   0, 0, 0, 0, 0, 0]	//76. 신수.
// 신무공.
[  90,  130,  20,137,  53,  2,  3, 150,  70,  70, 220, 110, 110, 200, 200, 200, 0, 150,   0, 0, 0, 0, 0, 0] //77. 빙사장.
[ 980,  983, 100, 81,  94,  2,  3,  70, 150, 150, 100, 220, 220, 255, 255, 255, 0, 255,   0, 0, 0, 0, 0, 0]	//78. 공격력업.
[ 980,  983, 100, 81,  90,  2,  3, 100, 130, 160, 150, 180, 220, 255, 255, 255, 0, 255,   0, 0, 0, 0, 0, 0]	//79. 강마진법(화).
[ 980,  983, 100, 81,  91,  2,  3, 200, 150, 100, 250, 200, 150, 255, 255, 255, 0, 255,   0, 0, 0, 0, 0, 0]	//80. 강마진법(빙).
[ 980,  983, 100, 81,  92,  2,  3, 200, 100, 100, 255, 150, 150, 255, 255, 255, 0, 255,   0, 0, 0, 0, 0, 0]	//81. 강마진법(뢰).
[ 980,  983, 100, 81,  93,  2,  3, 150,  70, 150, 200, 100, 200, 255, 255, 255, 0, 255,   0, 0, 0, 0, 0, 0]	//82. 강마진법(풍).
// 320,  327, 130,137,  77,  4,  5, 150, 150,  20, 225, 225,  70, 255, 255, 255, 2,   1,   0, 0, 0, 0, 0, 0	//83. 소생술.
[1120, 1136, 100,157,  77,  4,  5, 150, 150,  20, 225, 225,  70, 255, 255, 255, 2,   1,   0, 0, 0, 0, 0, 0]	//83. 소생술.
[ 430,  435,  80,137,  67,  2,  3, 255, 123,   0, 255, 123,   0, 255, 255, 255, 2,   1,   0, 0, 0, 0, 0, 0]	//84. 장풍.
[ 980,  983, 100, 81,  85,  2,  3, 100, 130, 160, 150, 180, 220, 255, 255, 255, 0, 255,   0, 0, 0, 0, 0, 0]	//85. 항마진법(화).
[ 980,  983, 100, 81,  86,  2,  3, 200, 150, 100, 250, 200, 150, 255, 255, 255, 0, 255,   0, 0, 0, 0, 0, 0]	//86. 항마진법(빙).
[ 980,  983, 100, 81,  87,  2,  3, 200, 100, 100, 255, 150, 150, 255, 255, 255, 0, 255,   0, 0, 0, 0, 0, 0]	//87. 항마진법(뢰).
[ 980,  983, 100, 81,  88,  2,  3,  30, 160, 150,  70, 255, 220, 255, 255, 255, 0, 255,   0, 0, 0, 0, 0, 0]	//88. 항마진법(풍).
// 반야도몬스터.
[ 310,  316, 100,138, 551,  3,  4, 100, 150, 200, 150, 200, 250, 255, 255, 255, 0,  10,   0, 0, 0, 0, 0, 0]	//89. 구오좀비(푸른색)(마법공격)6프레임.
[ 600,  620,  70,138, 555,  3,  4, 100, 150, 200, 150, 200, 250, 255, 255, 255, 0,  15,   0, 0, 0, 0, 0, 0]	//91. 우면본왕(마법)20프레임.
// 신무공 2차.
[ 980,  983, 100, 81,  95,  2,  3, 100, 130, 160, 150, 180, 220, 255, 255, 255, 0, 255,   0, 0, 0, 0, 0, 0]	//92. 맹호강세(화).
[ 980,  983, 100, 81,  96,  2,  3, 200, 150, 100, 250, 200, 150, 255, 255, 255, 0, 255,   0, 0, 0, 0, 0, 0]	//93. 맹호강세(빙).
[ 980,  983, 100, 81,  97,  2,  3, 200, 100, 100, 255, 150, 150, 255, 255, 255, 0, 255,   0, 0, 0, 0, 0, 0]	//94. 맹호강세(뢰).
[ 980,  983, 100, 81,  98,  2,  3,  30, 160, 150,  70, 255, 220, 255, 255, 255, 0, 255,   0, 0, 0, 0, 0, 0]	//95. 맹호강세(풍).
[ 980,  983, 100, 81,  99,  2,  3, 100, 100, 100, 180, 180, 180, 255, 255, 255, 0, 255,   0, 0, 0, 0, 0, 0]	//96. 맹호강세(화).
[ 980,  983, 100, 81, 100,  2,  3, 160,  80, 145, 220, 110, 180, 255, 255, 255, 0, 255,   0, 0, 0, 0, 0, 0]	//97. 맹호강세(빙).
[ 980,  983, 100, 81, 101,  2,  3,  80, 150, 140, 130, 220, 200, 255, 255, 255, 0, 255,   0, 0, 0, 0, 0, 0]	//98. 맹호강세(뢰).
[ 770,  776, 100,137,  48,  3,  4, 100, 100, 100, 200, 200, 200, 255, 255, 255, 2,   1,   0, 0, 0, 0, 0, 0]	//99. 대지소환술.
[ 790,  796, 100,137, 400,  3,  4, 100, 100, 100, 200, 200, 200, 255, 255, 255, 2,   1,   0, 0, 0, 0, 0, 0]	//100. 무공계열별 타격(화).
[ 810,  816, 100,137, 401,  3,  4, 100, 100, 100, 200, 200, 200, 255, 255, 255, 2,   1,   0, 0, 0, 0, 0, 0]	//101. 무공계열별 타격(빙).
[ 830,  836, 100,137, 402,  3,  4, 100, 100, 100, 200, 200, 200, 255, 255, 255, 2,   1,   0, 0, 0, 0, 0, 0]	//102. 무공계열별 타격(뢰).
[ 850,  856, 100,137, 403,  3,  4, 100, 100, 100, 200, 200, 200, 255, 255, 255, 2,   1,   0, 0, 0, 0, 0, 0]	//103. 무공계열별 타격(풍).
[ 870,  876, 100,137, 404,  3,  4, 100, 100, 100, 200, 200, 200, 255, 255, 255, 2,   1,   0, 0, 0, 0, 0, 0]	//104. 무공계열별 타격(신성).
[ 890,  896, 100,137, 405,  3,  4, 100, 100, 100, 200, 200, 200, 255, 255, 255, 2,   1,   0, 0, 0, 0, 0, 0]	//105. 무공계열별 타격(암흑).
[ 910,  916, 100,137, 406,  3,  4, 100, 100, 100, 200, 200, 200, 255, 255, 255, 2,   1,   0, 0, 0, 0, 0, 0]	//106. 무공계열별 타격(환영).
[ 930,  936, 100,137, 407,  3,  4, 100, 100, 100, 200, 200, 200, 255, 255, 255, 2,   1,   0, 0, 0, 0, 0, 0]	//107. 무공계열별 타격(무).
[1040, 1053,  80,137,  72,  7,  8, 155, 212, 202, 170, 230, 215, 130, 130, 130, 1,   1,   0, 0, 0, 0, 0, 0]	//110. 용선풍.
[1060, 1080,  50,137,  47,  3,  4, 100, 100, 100, 200, 200, 200, 255, 255, 255, 2,   1,   0, 0, 0, 0, 0, 0]	//111. 폭열파 업버젼.
// 진백골소환술
[ 750,  760, 155, 81, 105,  3,  4, 150, 150, 150, 200, 150, 180, 255, 255, 255, 2,   1,   0, 0, 0, 0, 0, 0]	//112. 진백골소환술.
// 집중화염장(이미지를 쓰지 않는다).
[   0,    0,   0, 81, 150,  4,  5,  10,  20,  30,  20,  40,  60, 255, 255, 255, 2,   1,   0, 0, 0, 0, 0, 0]	//113. 집중화염장.
// 뢰인장추가효과(이미지를 쓰지 않는다).
[   0,   10,   0, 81, 336,  3,  4, 200,  50,  50, 255,  50,  50, 255, 255, 255, 2,   1,   0, 0, 0, 0, 0, 0]	//114. 뢰인장추가효과.
// 예진 회복술 시전동작.
[ 660,  670,  70, 81, 569,  3,  4, 100, 100, 100, 140, 100, 120, 255, 255, 255, 2,   1,   0, 0, 0, 0, 0, 0]	//115. 회복술.
// 왕급, 벼룩등 몬스터.(11월25일)
[1890, 1896, 100,138, 574,  3,  4, 100, 150, 200, 150, 200, 250, 255, 255, 255, 2,   1,   0, 0, 0, 0, 0, 0]	//116. 돈왕공격시 맞는쪽의 효과.
[2070, 2080,  90,138, 575,  3,  4, 100, 150, 200, 150, 200, 250, 255, 255, 255, 2,	 1,   0, 0, 0, 0, 0, 0]	//117. 왕중왕 특수공격.
[2160, 2161, 500,138, 573,  3,  4, 100, 150, 200, 150, 200, 250, 255, 255, 255, 0, 255,   0, 0, 0, 0, 0, 0]	//118. 벼룩눈알공격.
[ 420,  425,  20, 81, 576,  2,  3, 100, 150, 200, 150, 200, 250, 255, 255, 255, 2,   1,   0, 0, 0, 0, 0, 0]	//119. 반야좌사파이어볼.
// 표창1, 2, 3
[1270,1273,  10, 137,  416,  2,  3, 100, 100, 100, 120, 120, 120, 255, 255, 255, 0, 255,   0, 0, 0, 0, 0, 0]	//120. 표창1.
[1440,1443,  10, 137,  417,  2,  3, 100, 100, 100, 120, 120, 120, 255, 255, 255, 0, 255,   0, 0, 0, 0, 0, 0]	//121. 표창2.
[1610,1613,  10, 137,  418,  2,  3, 100, 100, 100, 120, 120, 120, 255, 255, 255, 0, 255,   0, 0, 0, 0, 0, 0]	//122. 표창3.
// 뢰설화 바뀐거.
[ 980,  988, 100,137,  24,  5,  6, 255, 123,   0, 255, 123,   0, 255, 255, 255, 2,   1,   0, 0, 0, 0, 0, 0]	//123.  뢰설화 바뀐것(업용)(터지는이미지).
// 제련.
[1900,1920, 100,137, 420,  15,  16, 100, 150, 200, 150, 200, 250, 130, 130, 130, 1,   1,   0, 0, 0, 0, 0, 0]	//124. 제련성공.
[1920,1930, 100,137, 421,  15,  16, 100, 150, 200, 150, 200, 250, 255, 255, 255, 0,   1,   0, 0, 0, 0, 0, 0]	//125. 제련실패.
// 강마진법.
[ 980,  983, 100, 81,  89,  2,  3, 200, 150, 200, 220, 180, 220, 255, 255, 255, 0, 255,   0, 0, 0, 0, 0, 0]	//126. 강마진법.
// 눈날아가는것.
[1950, 1951,  10, 137, 419,  2,  3, 50, 50, 50, 80, 80, 80, 255, 255, 255, 0, 255,   0, 0, 0, 0, 0, 0]	//127. 눈날아가는것.
[1990, 1995,  80, 137,  73,  7,  8, 155, 212, 202, 170, 230, 215, 130, 130, 130, 1,   1,   0, 0, 0, 0, 0, 0]	//128. 풍진참.
[1990, 1995,  80, 137,  74,  7,  8, 155, 212, 202, 170, 230, 215, 130, 130, 130, 1,   1,   0, 0, 0, 0, 0, 0]	//129. 격풍
// 제련추가효과(이미지를 쓰지 않는다).
[   0,   10,  50, 81, 337,  3,  4, 100, 150, 200, 150, 200, 250, 255, 255, 255, 2,   1,   0, 0, 0, 0, 0, 0]	//130. 뢰인장추가효과.
// 우면본왕효과바뀐것.
[2440, 2450,  80,138, 577,  3,  4, 200, 150, 100, 250, 200, 150, 255, 255, 255, 2,  1,   0, 0, 0, 0, 0, 0]	//131. 우면본왕추가.
// 레벨업.
[2020, 2030,  80,137, 422,  3,  4, 100, 150, 200, 150, 200, 250, 240, 180, 100, 2,  1,   0, 0, 0, 0, 0, 0]	//132. 레벨업.
// 앙코르와트지역.
[   0,    1, 100,140, 578,  3,  4,  14, 226, 170,  11, 140, 106, 255, 255, 255, 0, 255,   0, 0, 0, 0, 0, 0]	//133. 광신도창공격.
// 340,  345, 150,140, 580,  3,  4,  14, 226, 170,  11, 140, 106, 255, 255, 255, 2,   2,   0, 0, 0, 0, 0, 0]	//134. 중독코끼리 독공격.
[1080, 1086, 100,140, 581,  3,  4,  14, 226, 170,  11, 140, 106, 255, 255, 255, 2,   2,   0, 0, 0, 0, 0, 0]	//135. 석화사자 화염장.
[ 560,  569, 100,140, 584,  3,  4,  14, 226, 170,  11, 140, 106, 255, 255, 255, 2,   2,   0, 0, 0, 0, 0, 0]	//136. 무력신장화염공격.
[ 850,  860, 100,140, 588,  3,  4,  14, 226, 170,  11, 140, 106, 255, 255, 255, 0,   1,   0, 0, 0, 0, 0, 0]	//137. 진천마신독공격.
[ 870,  882, 100,140, 589,  3,  4,  14, 226, 170,  11, 140, 106, 255, 255, 255, 2,   2,   0, 0, 0, 0, 0, 0]	//138. 진천마신죽기.
[ 740,  746, 100,138, 558,  3,  4, 100, 150, 200, 150, 200, 250, 255, 255, 255, 2,   1,   0, 0, 0, 0, 0, 0]	//139. 해골진왕(마법-파이어볼)10프레임.
[ 900,  901, 100,140, 590,  3,  4, 100, 150, 200, 150, 200, 250, 255, 255, 255, 0, 255,   0, 0, 0, 0, 0, 0]	//140. 원후군 원후자 돌투척.
[1080, 1086, 100,140, 592,  3,  4,  14, 226, 170,  11, 140, 106, 255, 125, 0, 0,   1,   0, 0, 0, 0, 0, 0]	//141. 화염사자 화염장.
[   0,    4, 250,143, 593,  2,  3, 100, 150, 200, 150, 200, 250, 255, 255, 255, 0, 255,   0, 0, 0, 0, 0, 0]	//142. 발석거 포 쏘는 것.
[  90,   94, 250,143, 594,  2,  3, 100, 150, 200, 150, 200, 250, 255, 255, 255, 0, 255,   0, 0, 0, 0, 0, 0]	//143. 발석거 포 맞는 것.
[ 190,  191,  20,143, 595,  2,  3, 100, 150, 200, 150, 200, 250, 255, 255, 255, 0, 255,   0, 0, 0, 0, 0, 0]	//144. 쇠뇌차 포 쏘는 것.
[ 350,  351, 250,143, 596,  2,  3, 100, 150, 200, 150, 200, 250, 255, 255, 255, 0, 255,   0, 0, 0, 0, 0, 0]	//145. 쇠뇌차 포 맞는 것.
[  90,  130,  20,137, 110,  2,  3, 150,  70,  70, 220, 110, 110, 200, 200, 200, 0, 150,   0, 0, 0, 0, 0, 0] //146. 빙렬장.
// 파워업.
[2020, 2030,  80,137, 423,  3,  4, 100, 150, 200, 150, 200, 250,  50, 100, 200, 2,   1,   0, 0, 0, 0, 0, 0]	//147. 파워업.
// 누마공성전
[   0,	  4,  20,148, 597,  3,  4, 100, 150, 200, 150, 200, 250, 255, 255, 255, 0, 255,   0, 0, 0, 0, 0, 0]	//148. 기갑누마.
[1440, 1450, 100,148, 606,  3,  4,  14, 226, 170,  11, 140, 106, 255, 255, 255, 2,   2,   0, 0, 0, 0, 0, 0]	//149. 누마친위대장 화염공격
[ 820,  830, 120,148, 602,  3,  4, 240, 120,  30, 240,  70,  40, 255, 255, 255, 2,   2,   0, 0, 0, 0, 0, 0]	//150. 누마사령법사죽기.
[1300, 1310, 100,148, 605,  3,  4,  14, 226, 170,  11, 140, 106, 255, 255, 255, 2,   1,   0, 0, 0, 0, 0, 0]	//151. 누마친위대장 죽기.
[1750, 1760, 100,148, 610,  3,  4, 100, 200, 100, 150, 250, 100, 255, 255, 255, 0    1,   0, 0, 0, 0, 0, 0]	//152. 타당가죽기.
[  90,  100,  70,137, 140,  4,  5,  40,  60,  80,  60,  80, 100, 210, 210, 210, 2,   1,   0, 0, 0, 0, 0, 0]	//153. 빙벽
[   0,   10,  50,149, 107,  3,  4, 100, 255, 100, 150, 255, 150, 255, 255, 255, 2    1,   0, 0, 0, 0, 0, 0]	//154. 전위보
//  40,   50,  80,149, 102,  3,  4, 100, 150, 200, 150, 200, 250, 240, 180, 100, 2,  1,   0, 0, 0, 0, 0, 0	//155. 철포삼.
[ 190,  201,  80,157, 102,  3,  4, 100, 150, 200, 150, 200, 250, 255, 255, 255, 2,  1,   0, 0, 0, 0, 0, 0]	//155. 철포삼.
//  60,   70,  80,149, 106,  3,  4, 100, 150, 200, 150, 200, 250, 240, 180, 100, 2,  1,   0, 0, 0, 0, 0, 0]	//156. 광마결.
[2370, 2380,  80,149, 106,  3,  4, 100, 150, 200, 150, 200, 250, 255, 255, 255, 2,  1,   0, 0, 0, 0, 0, 0]	//156. 광마결.
// 230,  240, 100,149, 120,  3,  4, 190, 220, 190, 190, 240, 190, 255, 255, 255, 0,   1,   0, 0, 0, 0, 0, 0	//157. 정화술.
[1080, 1090, 100,157, 120,  3,  4, 190, 220, 190, 190, 240, 190, 255, 255, 255, 0,   1,   0, 0, 0, 0, 0, 0]	//157. 정화술.
[ 370,  380, 100,149, 123,  3,  4, 100, 100, 100, 170, 100, 100, 255, 255, 255, 2,   1,   0, 0, 0, 0, 0, 0]	//158. 전이술.
[ 470,  477, 100,149, 111,  5,  6, 255,  50,  50, 255, 100, 100, 255, 255, 255, 0,   2,   0, 0, 0, 0, 0, 0]	//159. 뢰화난무.
[ 290,  299, 100,149, 122,  3,  4, 100, 100, 100, 100, 140, 180, 255, 255, 255, 2,   1,   0, 0, 0, 0, 0, 0]	//160. 선천기공.
[1640, 1646,  10, 81, 113,  2,  3, 100, 150, 200, 150, 200, 250, 255, 255, 255, 2,   1,   0, 0, 0, 0, 0, 0]	//161. 만천화우.
[  10,   20, 100,149, 323,  3,  4, 100, 100, 100, 170, 100, 100, 255, 255, 255, 2,   1,   0, 0, 0, 0, 0, 0]	//162. 격공섭물.
//  80,   90, 100,149, 112,  3,  4, 100, 150, 200, 150, 200, 250, 240, 180, 100, 2,   1,   0, 0, 0, 0, 0, 0	//163. 역혈마공.
[ 520,  530, 100,157, 112,  3,  4, 100, 150, 200, 150, 200, 250, 255, 255, 255, 2,   1,   0, 0, 0, 0, 0, 0]	//163. 역혈마공.
[5830, 5833, 100,148, 615,  2,  3, 100, 100, 100, 150, 150, 150, 255, 255, 255, 2,   1,   0, 0, 0, 0, 0, 0]	//164. 사혈괴손톱.
[5930, 5934,  80,148, 616,  2,  3,  50, 180,  50, 150, 250, 150, 200, 200, 200, 0, 255,   0, 0, 0, 0, 0, 0]	//165. 대아룡.
[ 920,  930, 150,149, 114,  4,  5,  40,  60,  80,  60,  80, 100, 255, 255, 255, 2,   1,   0, 0, 0, 0, 0, 0]	//166. 회풍강막.
[1070, 1073, 100,149, 124,  2,  3, 100, 150, 200, 150, 200, 250, 255, 255, 255, 0,	 1,   0, 0, 0, 0, 0, 0]	//167. 멸살계.
[  90,   99, 100,158, 619,  3,  4,  14, 226, 170,  11, 140, 106, 255, 255, 255, 0,   1,   0, 0, 0, 0, 0, 0]	//168. 지천멸왕전체공격.
[6350, 6360, 100,143, 621,  2,  3, 100, 100,  50, 150, 150,  75, 255, 255, 255, 2,   1,   0, 0, 0, 0, 0, 0]	//169. 육혈
[ 400,  406, 100,143, 624,  2,  3, 100, 150, 200, 150, 200, 250, 255, 255, 255, 0,	 1,   0, 0, 0, 0, 0, 0]	//170. 빙혼궁사 화살.
[ 580,  587, 100,143, 622,  2,  3, 100, 100, 100, 150, 150, 150, 255, 255, 255, 2,   1,   0, 0, 0, 0, 0, 0]	//171. 빙혼무장2한테 맞을 때.
[6200, 6205, 100,143, 625,  3,  4,  14, 226, 170,  11, 140, 106, 255, 255, 255, 2,   2,   0, 0, 0, 0, 0, 0]	//172. 빙백귀녀.
[6230, 6240, 100,143, 626, 20, 21, 255, 125,  50, 255, 255, 255, 255, 255, 255, 2,   1,   0, 0, 0, 0, 0, 0]	//173. 강격.
[6160, 6170, 100,143, 628,  5,  6, 255, 123,   0, 255, 123,   0, 255, 255, 255, 2,   1,   1, 0, 0, 0, 0, 0]	//174. 화영.
[1190, 1200, 100,149, 125,  3,  4, 100, 150, 200, 150, 200, 250, 255, 255, 255, 2,   1,   0, 0, 0, 0, 0, 0]	//175. 격상타우.
[1220, 1230,  80,149, 126,  3,  4, 100, 150, 200, 150, 200, 250, 240, 180, 100, 2,  1,   0, 0, 0, 0, 0, 0]	//176. 반탄강기.
[1240, 1243, 100,149, 141,  3,  4, 100, 150, 200, 150, 200, 250, 240, 180, 100, 2,  1,   0, 0, 0, 0, 0, 0]	//177. 반탄강기반사.
[1280, 1290, 100,149, 127,  3,  4, 100, 150, 200, 150, 200, 250, 255, 255, 255, 2,   1,   0, 0, 0, 0, 0, 0]	//178. 허상분신.
[1300, 1310, 100,149, 142,  3,  4, 100, 150, 200, 150, 200, 250, 255, 255, 255, 2,   1,   0, 0, 0, 0, 0, 0]	//179. 허상분신죽는것.
[2080, 2100,  65,149, 629,  5,  6, 100, 150, 200, 150, 200, 250, 255, 255, 255, 2,   1,   0, 0, 0, 0, 0, 0]	//180. 폭죽 소
[2110, 2140,  65,149, 630,  5,  6, 100, 150, 200, 150, 200, 250, 255, 255, 255, 2,   1,   0, 0, 0, 0, 0, 0]	//181. 폭죽 중
[2150, 2183,  65,149, 631,  5,  6, 100, 150, 200, 150, 200, 250, 255, 255, 255, 2,   1,   0, 0, 0, 0, 0, 0]	//182. 폭죽 대
[2200, 2246,  65,149, 632,  5,  6, 100, 150, 200, 150, 200, 250, 255, 255, 255, 2,   1,   0, 0, 0, 0, 0, 0]	//183. 폭죽 특
[ 500,  527,  70,158, 635,  3,  4, 100, 150, 200, 150, 200, 250, 255, 255, 255, 0,   1,   0, 0, 0, 0, 0, 0]	//184. 가무녀2마법
[ 590,  610,  70,158, 638,  3,  4, 100, 150, 200, 150, 200, 250, 255, 255, 255, 0,   1,   0, 0, 0, 0, 0, 0]	//185. 가무녀1마법
}




//------------------------------------------------------------------------------------------------------------------------------------------------------------
// Explosion Effect.
//------------------------------------------------------------------------------------------------------------------------------------------------------------

#EXPLOSION 41
{
[ 200,  208, 130, 81,  14,  4,  5, 250, 150, 100, 255, 210, 160, 255, 255, 255, 2,   1,   1, 0, 0, 0, 0, 0]	// 1. 항마진법.
[ 170,  178, 130, 81,  15,  4,  5, 120, 170, 220, 160, 210, 255, 255, 255, 255, 2,   1,   1, 0, 0, 0, 0, 0]	// 2. 대지원호.
[ 580,  590, 100, 81,   1,  2,  3, 120, 170, 220, 160, 210, 255, 255, 255, 255, 2,   1,   0, 0, 0, 0, 0, 0]	// 3. 화염장.
[1140, 1150, 100, 81,  13,  2,  3, 120, 170, 220, 160, 210, 255, 255, 255, 255, 2,   1,   0, 0, 0, 0, 0, 0]	// 4. 폭살계.
[1800, 1810, 100, 81,   5,  2,  3, 120, 170, 220, 160, 210, 255, 255, 255, 255, 2,   1,   0, 0, 0, 0, 0, 0]	// 5. 금강화염장.
[ 820,  827, 100, 81,  19,  4,  5, 200, 210, 190, 200, 150, 180, 255, 255, 255, 2,   1,   0, 0, 0, 0, 0, 0]	// 6. 대은신.
[ 100,  110, 100,129, 505,  2,  3, 100, 100, 100, 150, 150, 150, 255, 255, 255, 2,   1,   0, 0, 0, 0, 0, 0]	// 7. --->안씀..(치유개미).
[2860, 2870, 100, 81,  39,  3,  4, 255, 123,   0, 255, 123,   0, 255, 255, 255, 2,   1,   0, 0, 0, 0, 0, 0]	// 8. 빙월장.
[2970, 2980, 100, 81,  40,  3,  4, 255, 123,   0, 255, 123,   0, 255, 255, 255, 2,   1,   0, 0, 0, 0, 0, 0]	// 9. 빙월진천장.
[3230, 3240, 100, 81,  41,  3,  4, 255, 123,   0, 255, 123,   0, 255, 255, 255, 2,   1,   0, 0, 0, 0, 0, 0]	//10. 비격장.
[3340, 3350, 100, 81,  37,  3,  4, 100, 255, 100, 150, 255, 150, 255, 255, 255, 2,   1,   0, 0, 0, 0, 0, 0]	//11. 월영옥.
//3450, 3460, 100, 81,  38,  3,  4, 100, 255, 100, 150, 255, 150, 255, 255, 255, 2,   1,   0, 0, 0, 0, 0, 0	//12. 월영파.
[ 930,  940, 100, 157,  38,  3,  4, 100, 255, 100, 150, 255, 150, 255, 255, 255, 2,   1,   0, 0, 0, 0, 0, 0]	//12. 월영파.
// 신무공.
[ 140,  147, 130,137,  94,  4,  5,  70, 140, 140, 100, 220, 220, 255, 255, 128, 2,   1,   1, 0, 0, 0, 0, 0]	//13. 공격력업.
[1870,1880, 130, 137,  90,  4,  5, 200, 150, 200, 220, 180, 220, 255, 255, 255, 2,   1,   1, 0, 0, 0, 0, 0]	//14. 강마진법(화).
[1870,1880, 130, 137,  91,  4,  5, 200, 150, 200, 220, 180, 220, 255, 255, 255, 2,   1,   1, 0, 0, 0, 0, 0]	//15. 강마진법(빙).
[1870,1880, 130, 137,  92,  4,  5, 200, 150, 200, 220, 180, 220, 255, 255, 255, 2,   1,   1, 0, 0, 0, 0, 0]	//16. 강마진법(뢰).
[1870,1880, 130, 137,  93,  4,  5, 200, 150, 200, 220, 180, 220, 255, 255, 255, 2,   1,   1, 0, 0, 0, 0, 0]	//17. 강마진법(풍).
[ 590,  600, 100,137,  67,  2,  3, 255, 123,   0, 255, 123,   0, 255, 255, 255, 2,   1,   0, 0, 0, 0, 0, 0]	//18. 장풍.
[ 200,  210, 130, 81,  85,  4,  5, 250, 150, 100, 255, 210, 160, 255, 255, 255, 2,   1,   1, 0, 0, 0, 0, 0]	//19. 항마진법(화).
[ 200,  210, 130, 81,  86,  4,  5, 250, 150, 100, 255, 210, 160, 255, 255, 255, 2,   1,   1, 0, 0, 0, 0, 0]	//20. 항마진법(빙).
[ 200,  210, 130, 81,  87,  4,  5, 250, 150, 100, 255, 210, 160, 255, 255, 255, 2,   1,   1, 0, 0, 0, 0, 0]	//21. 항마진법(뢰).
[ 200,  210, 130, 81,  88,  4,  5, 250, 150, 100, 255, 210, 160, 255, 255, 255, 2,   1,   1, 0, 0, 0, 0, 0]	//22. 항마진법(풍).
// 신무공 2차.
[ 140,  147, 100,137,  95,  4,  5, 100, 150, 200, 150, 200, 250, 240, 180, 100, 2,   1,   1, 0, 0, 0, 0, 0]	//23. 맹호강세(화).
[ 140,  147, 100,137,  96,  4,  5, 250, 150, 100, 255, 210, 160, 100, 140, 190, 2,   1,   1, 0, 0, 0, 0, 0]	//24. 맹호강세(빙).
[ 140,  147, 100,137,  97,  4,  5, 200, 100, 100, 255, 150, 150, 100, 180, 220, 2,   1,   1, 0, 0, 0, 0, 0]	//25. 맹호강세(뢰).
[ 140,  147, 100,137,  98,  4,  5,  30, 160, 150,  70, 255, 220, 140, 200, 150, 2,   1,   1, 0, 0, 0, 0, 0]	//26. 맹호강세(풍).
[ 140,  147, 100,137,  99,  4,  5, 100, 100, 100, 180, 180, 180, 200, 200, 200, 2,   1,   1, 0, 0, 0, 0, 0]	//27. 맹호강세(신성).
[ 140,  147, 100,137, 100,  4,  5, 160,  80, 145, 220, 110, 180, 160, 100, 180, 2,   1,   1, 0, 0, 0, 0, 0]	//28. 맹호강세(암흑).
[ 140,  147, 100,137, 101,  4,  5,  80, 150, 140, 130, 220, 200, 200, 220, 130, 2,   1,   1, 0, 0, 0, 0, 0]	//29. 맹호강세(환영).
[2000, 2008, 100,137,  73,  3,  4, 100, 100, 100,  82, 152, 130, 255, 255, 255, 2,   0,   1, 0, 0, 0, 0, 0]	//30. 풍진참

// 집중화염장(이미지를 쓰지 않는다).
[   0,    0,   0, 81, 150,  4,  5,  10,  20,  30,  20,  40,  60, 255, 255, 255, 2,   1,   1, 0, 0, 0, 0, 0]	//31. 집중화염장.
// 뢰인장추가효과(이미지를 쓰지 않는다).
[   0,   10,   0, 81, 336,  3,  4, 200,  50,  50, 255,  50,  50, 255, 255, 255, 2,   1,   0, 0, 0, 0, 0, 0]	//32. 뢰인장추가효과.
// 왕급, 벼룩등 몬스터.(11월25일)
[2330, 2336, 100,138, 573,  3,  4, 100, 100, 100, 150, 150, 150, 255, 255, 255, 0, 255,   1, 0, 0, 0, 0, 0]	//33. 벼룩발사체폭발.
[ 580,  590, 100, 81, 576,  2,  3, 120, 170, 220, 160, 210, 255, 255, 255, 255, 2,   1,   0, 0, 0, 0, 0, 0]	//34. 반야좌사파이어볼.
// 강마진법.
[1870,1880, 130, 137,  89,  4,  5, 200, 150, 200, 220, 180, 220, 255, 255, 255, 2,   1,   1, 0, 0, 0, 0, 0]	//35. 강마진법.
// 눈터지는것.
[1960, 1963,  90,137, 419,  3,  4,  50,  50,  50,  80,  80,  80, 255, 255, 255, 0, 255,   0, 0, 0, 0, 0, 0]	//36. 눈터지는것.
[2000, 2010, 100,137,  74,  3,  4, 100, 100, 100,  82, 152, 130, 255, 255, 255, 2,   0,   1, 0, 0, 0, 0, 0]	//37. 격풍
// 앙코르와트지역.
// 160,  164, 100,140, 578,  3,  4,  14, 226, 170,  11, 140, 106, 255, 255, 255, 0, 255,   0, 0, 0, 0, 0, 0	//38. 광신도창공격폭발.
[  80,   90, 100, 143, 594,  2,  3, 120, 170, 220, 160, 210, 255, 255, 255, 255, 2, 255,   0, 0, 0, 0, 0, 0] //39. 발석거 포 맞는 것.
[ 270,  271, 1000, 143, 596,  2,  3, 120, 170, 220, 160, 210, 255, 255, 255, 255, 0, 255,   0, 0, 0, 0, 0, 0] //40. 쇠뇌차 포 맞는 것.
[1800, 1810, 100, 81, 113,  2,  3, 120, 170, 220, 160, 210, 255, 255, 255, 255, 2,   1,   0, 0, 0, 0, 0, 0]	// 41. 만천화우.
[1160, 1170, 100, 149, 124,  2,  3, 120, 170, 220, 160, 210, 255, 255, 255, 255, 2,   1,   0, 0, 0, 0, 0, 0]	// 42. 폭살계.
}











// 방향.(0, 8, 16등등.)
// Repeat.
// Fixed.
// ShowLight.
// TargetUse.


